Year,Day,Cell1,Cell2,Cell3,Cell4,Cell5,Cell6,Cell7,Cell8,Cell9,Cell10,Cell11,Cell12,Cell13,Cell14,Cell15,Cell16,Cell17,Cell18,Cell19,Cell20,Cell21,Cell22,Cell23,Cell24,Cell25,Cell26,Cell27,Cell28,Cell29,Cell30,Cell31,Cell32,Cell33,Cell34,Cell35,Cell36,Cell37,Cell38,Cell39,Cell40,Cell41,Cell42,Cell43,Cell44,Cell45,Cell46,Cell47,Cell48,Cell49,Cell50,Cell51,Cell52,Cell53,Cell54,Cell55,Cell56,Cell57,Cell58,Cell59,Cell60,Cell61,Cell62,Cell63,Cell64,Cell65,Cell66,Cell67,Cell68,Cell69,Cell70,Cell71,Cell72,Cell73,Cell74,Cell75,Cell76,Cell77,Cell78,Cell79,Cell80,Cell81,Cell82,Cell83,Cell84,Cell85,Cell86,Cell87,Cell88,Cell89,Cell90,Cell91,Cell92,Cell93,Cell94,Cell95,Cell96,Cell97,Cell98,Cell99,Cell1001,1,725,0,0,0,0,0,0,0,0,0,0,0,0,0,0,0,0,0,0,0,0,0,0,0,0,0,0,0,0,0,0,0,0,0,0,0,0,0,0,0,0,0,0,0,0,0,0,0,0,0,0,0,0,0,0,0,0,0,0,0,0,0,0,0,0,0,0,0,0,0,0,0,0,0,0,0,0,0,0,0,0,0,0,0,0,0,0,0,0,0,0,0,0,0,0,0,0,0,0,0
1,2,688,768,742,743,699,0,0,0,0,0,832,746,752,750,792,0,0,0,0,0,733,786,777,771,0,0,0,0,0,0,707,707,694,762,0,0,0,0,0,0,722,685,0,0,0,0,0,0,0,0,0,0,0,0,0,0,0,0,0,0,0,0,0,0,0,0,0,0,0,0,0,0,0,0,0,0,0,0,0,0,0,0,0,0,0,0,0,0,0,0,0,0,0,0,0,0,0,0,0,0
1,3,749,725,735,781,803,726,771,755,707,0,734,764,790,741,749,764,794,712,724,0,755,776,758,795,754,737,783,739,739,0,747,697,803,757,776,714,748,759,0,0,737,744,756,699,723,750,766,744,0,0,736,787,724,772,777,751,773,0,0,0,739,705,728,722,765,742,772,0,0,0,769,689,734,737,764,0,0,0,0,0,734,681,823,0,0,0,0,0,0,0,0,0,0,0,0,0,0,0,0,0
1,4,704,762,748,748,814,731,773,736,743,720,763,789,761,739,737,703,729,755,693,742,735,730,772,758,723,780,753,733,760,703,772,782,744,779,749,700,734,737,763,767,764,742,743,759,785,706,735,796,705,737,745,732,713,737,724,750,731,763,691,732,715,755,736,756,691,738,711,741,762,760,763,771,710,785,703,709,746,749,737,291,795,732,713,783,748,766,748,757,449,93,737,741,765,745,739,710,698,393,88,29
1,5,767,750,769,756,816,737,728,720,712,726,757,771,745,729,731,756,698,754,754,749,752,766,776,737,783,703,756,758,741,707,725,708,735,730,739,759,739,757,760,752,713,742,766,730,764,722,708,755,722,760,748,774,755,738,711,718,740,724,724,757,746,758,788,721,759,739,752,775,735,714,742,746,701,731,755,734,771,717,753,745,718,761,752,734,735,737,738,772,752,741,743,752,726,737,746,735,752,758,713,783
1,6,736,741,729,722,718,742,732,776,717,718,711,734,733,797,691,747,717,723,722,748,742,754,780,752,741,725,829,746,733,700,747,713,711,724,746,776,775,728,691,763,678,751,805,723,735,734,789,777,784,713,722,732,764,824,716,767,737,792,762,735,738,807,756,756,756,705,752,742,754,744,747,717,755,780,801,732,738,724,739,739,714,786,729,738,726,779,731,738,740,704,727,757,730,753,731,725,744,736,712,756
1,7,732,764,745,752,746,735,743,753,729,753,746,739,733,726,742,759,736,737,777,760,704,708,739,679,784,705,748,754,777,742,720,714,696,759,737,731,730,729,712,781,802,708,732,751,782,728,738,777,732,747,737,803,715,767,765,742,766,743,741,696,745,729,756,712,789,737,728,784,714,767,757,749,778,777,759,746,697,772,753,763,776,787,758,725,707,800,757,763,752,722,751,764,728,736,793,779,723,747,745,757
1,8,783,781,766,757,733,728,804,712,747,745,742,723,773,741,759,745,722,736,744,768,688,758,785,763,772,735,713,768,785,798,789,732,771,728,754,775,759,719,717,732,781,727,731,710,725,766,749,764,719,720,741,765,723,767,727,768,798,766,777,766,716,703,726,765,754,742,764,741,776,744,761,765,736,802,752,781,750,746,760,762,758,751,708,767,704,760,720,787,730,739,783,798,762,726,773,727,775,748,708,740
1,9,741,742,736,790,715,757,748,729,759,713,717,704,771,745,707,751,656,714,782,763,725,769,801,720,735,767,740,744,779,762,724,723,740,758,764,751,703,757,736,713,780,740,749,769,714,718,764,691,726,749,742,765,734,740,725,750,755,745,721,750,764,692,756,724,675,700,770,742,724,750,701,741,765,749,767,739,726,769,707,775,707,714,703,729,752,726,770,742,791,717,757,753,730,765,723,730,749,730,737,759
1,10,728,776,751,675,757,737,755,727,742,757,696,763,800,757,725,695,793,734,728,782,743,739,750,801,748,721,780,756,770,813,737,784,773,711,742,755,752,751,692,778,743,678,716,728,764,737,748,744,711,820,792,722,759,740,751,755,783,747,752,781,738,753,742,737,723,732,711,762,708,734,777,711,744,730,740,736,811,698,743,771,728,764,743,724,712,768,743,771,728,716,753,765,717,704,752,763,811,775,740,756
1,11,780,758,750,780,713,767,763,799,774,736,752,740,699,733,741,751,767,774,718,721,727,764,707,743,748,788,766,718,772,757,737,704,719,740,773,737,708,766,736,741,730,735,772,712,777,768,775,772,745,738,736,735,736,835,737,730,727,713,765,731,694,792,772,723,774,768,798,737,758,815,717,690,738,726,786,697,744,718,792,738,792,741,711,729,734,748,792,690,748,777,727,761,759,767,754,726,708,735,712,796
1,12,772,748,735,775,772,725,687,734,761,734,770,728,757,741,764,724,766,795,804,738,725,759,781,765,815,729,781,745,740,737,751,779,728,704,759,731,741,774,777,689,768,743,731,712,796,779,773,784,756,716,759,743,736,710,749,758,778,725,735,773,745,702,728,710,785,733,808,786,707,705,790,723,747,754,707,728,713,770,723,731,739,744,767,720,764,732,728,737,718,737,777,778,790,728,734,718,739,729,741,709
1,13,762,755,757,717,689,738,713,793,750,689,758,698,768,733,780,756,738,756,719,765,738,780,724,709,783,716,763,788,755,688,823,730,786,788,778,760,724,743,721,738,733,736,746,772,768,762,761,724,747,720,759,752,712,760,761,804,735,758,736,677,773,724,749,747,813,752,771,760,737,761,713,775,731,744,739,755,797,782,713,721,755,764,789,723,746,761,770,714,725,750,726,725,780,777,757,740,723,728,739,747
1,14,726,801,724,739,727,773,750,766,705,735,734,747,828,755,742,754,754,719,690,790,781,715,721,748,722,750,703,757,779,705,765,726,723,748,735,769,762,747,745,762,723,686,743,778,778,731,786,755,705,747,777,723,759,749,779,807,734,731,744,732,726,720,758,762,726,744,749,767,780,752,814,737,766,748,749,752,764,730,746,693,741,749,749,735,724,720,693,713,771,763,750,766,769,814,750,741,748,752,777,758
1,15,724,756,767,743,732,736,717,751,744,768,733,785,735,770,750,701,785,752,789,723,798,757,741,717,765,754,751,683,776,724,756,731,693,719,740,806,751,734,741,766,743,752,791,743,734,727,776,755,756,775,734,784,760,745,724,746,710,782,732,664,729,776,721,807,750,758,775,739,794,772,741,660,776,684,739,667,778,755,738,787,792,717,776,735,721,734,764,731,742,767,719,745,758,719,781,767,757,747,779,752
1,16,780,705,723,721,711,738,741,746,731,714,770,737,741,723,740,748,718,760,716,759,738,791,698,749,788,732,783,752,776,739,761,728,770,765,745,717,744,738,738,767,783,762,814,730,774,775,772,700,769,749,764,761,726,719,747,722,742,764,735,750,790,746,786,761,783,746,739,754,752,741,751,731,803,766,767,740,775,739,726,730,752,735,714,795,735,781,720,695,705,768,785,692,738,703,800,761,725,727,751,783
1,17,736,773,741,836,716,710,779,776,785,734,760,771,749,758,742,777,756,789,695,778,749,753,750,742,701,742,728,729,695,752,712,730,741,758,760,697,720,769,773,747,765,744,676,728,753,728,736,731,763,737,784,755,759,716,742,715,711,749,731,729,726,751,792,762,756,727,695,752,743,797,724,748,755,762,789,754,774,722,733,757,724,820,728,750,755,740,763,751,733,721,738,717,745,724,760,762,744,727,769,738
1,18,760,738,768,735,756,774,708,773,776,730,714,782,736,717,766,707,741,750,746,728,720,716,765,753,756,755,661,730,715,697,753,744,745,689,752,773,727,784,733,755,764,736,759,734,768,728,771,715,789,745,734,726,740,775,759,785,738,745,725,724,743,709,772,728,696,741,735,764,734,732,764,755,730,736,736,731,771,754,743,767,724,747,746,772,775,791,692,835,768,784,749,743,796,756,759,667,755,705,783,762
1,19,704,757,800,799,743,787,762,774,720,731,784,779,731,779,732,741,714,767,749,779,750,725,751,739,763,722,787,740,720,768,789,755,720,727,730,789,734,711,711,791,700,759,734,761,733,725,743,776,720,740,783,738,746,737,760,729,752,753,725,742,731,728,674,771,767,786,772,720,772,772,787,744,722,746,791,710,753,753,737,739,750,736,742,745,770,740,750,705,792,766,737,788,762,735,715,731,763,739,773,758
1,20,744,740,750,751,735,786,707,701,731,727,763,738,739,743,782,748,716,713,764,733,716,761,712,731,784,740,757,724,749,728,746,697,762,755,736,799,763,733,729,757,716,763,719,761,771,707,755,736,808,720,774,764,777,778,730,709,775,780,784,742,744,765,750,731,766,781,780,712,736,784,687,753,729,829,767,737,717,727,716,813,723,730,712,696,763,790,773,729,780,746,773,752,758,751,811,716,765,761,736,765
2,1,748,0,0,0,0,0,0,0,0,0,0,0,0,0,0,0,0,0,0,0,0,0,0,0,0,0,0,0,0,0,0,0,0,0,0,0,0,0,0,0,0,0,0,0,0,0,0,0,0,0,0,0,0,0,0,0,0,0,0,0,0,0,0,0,0,0,0,0,0,0,0,0,0,0,0,0,0,0,0,0,0,0,0,0,0,0,0,0,0,0,0,0,0,0,0,0,0,0,0,0
2,2,738,774,686,754,731,0,0,0,0,0,756,731,712,708,735,0,0,0,0,0,775,769,743,748,0,0,0,0,0,0,753,756,729,775,0,0,0,0,0,0,744,752,0,0,0,0,0,0,0,0,0,0,0,0,0,0,0,0,0,0,0,0,0,0,0,0,0,0,0,0,0,0,0,0,0,0,0,0,0,0,0,0,0,0,0,0,0,0,0,0,0,0,0,0,0,0,0,0,0,0
2,3,734,763,718,771,746,709,737,738,752,0,741,744,707,738,704,769,761,780,734,0,754,718,699,770,783,718,711,745,736,0,733,761,755,767,727,776,747,771,0,0,739,698,685,731,759,725,753,766,0,0,685,715,737,761,779,727,781,0,0,0,746,690,777,737,735,732,733,0,0,0,738,723,742,792,734,0,0,0,0,0,697,797,771,0,0,0,0,0,0,0,0,0,0,0,0,0,0,0,0,0
2,4,771,749,753,758,770,702,707,689,735,750,762,775,715,769,763,696,722,780,741,738,815,716,743,760,689,737,733,751,732,727,740,742,721,765,762,768,684,771,725,813,768,746,747,751,719,749,742,763,766,775,718,700,757,738,775,748,731,762,715,756,745,772,743,735,763,726,718,736,748,740,769,719,783,737,747,789,763,690,783,305,776,807,758,743,735,791,743,791,391,84,708,769,744,733,732,714,751,292,88,50
2,5,732,762,706,776,740,713,753,768,704,733,732,794,723,761,714,701,775,781,743,757,684,704,706,720,721,761,758,732,768,727,710,796,742,716,781,698,779,718,781,751,791,759,753,701,747,734,729,739,732,759,755,734,743,736,726,759,744,704,764,805,705,743,789,813,792,714,727,761,750,745,703,766,722,745,753,774,721,781,717,831,739,762,735,740,706,749,758,742,744,698,742,730,771,746,729,718,811,725,764,775
2,6,770,740,766,744,756,813,744,747,686,755,749,748,745,685,759,705,715,717,747,745,715,718,765,798,702,791,724,785,716,795,749,742,750,771,749,801,752,831,717,731,746,742,749,763,725,762,766,787,772,748,732,696,735,745,729,792,745,714,737,698,753,720,743,733,757,749,743,753,764,729,749,726,706,740,754,757,734,721,772,747,756,715,761,727,743,737,720,741,766,717,745,735,750,734,681,757,781,742,753,741
2,7,748,749,717,735,701,734,767,740,764,751,793,783,705,788,754,734,748,736,768,746,734,743,753,746,715,737,732,775,714,752,735,763,698,713,764,723,725,722,752,714,758,758,778,746,735,750,717,765,758,737,764,726,708,723,742,757,748,743,736,744,712,716,734,740,724,740,752,770,761,713,735,781,720,739,718,699,722,775,804,755,752,735,752,722,757,717,723,717,742,764,722,771,777,749,756,766,722,749,790,751
2,8,701,735,745,763,723,752,734,690,703,744,746,763,756,740,794,757,749,722,753,704,710,779,737,733,747,794,721,734,684,730,778,769,706,704,742,715,755,723,729,738,738,782,768,724,716,698,768,728,709,763,723,723,774,737,702,794,761,714,711,775,725,722,743,777,773,726,711,762,767,706,731,801,741,792,754,762,720,764,761,737,767,715,758,714,761,742,805,734,817,674,748,738,755,779,732,799,802,729,742,736
2,9,770,761,747,816,729,726,695,725,764,805,757,736,725,714,764,762,706,787,714,747,764,715,794,767,720,751,767,733,719,721,737,745,725,793,727,737,769,792,752,743,739,758,756,742,777,747,746,714,756,715,703,717,699,751,760,731,749,726,729,743,720,781,725,765,788,741,747,760,727,705,753,717,776,763,766,730,729,741,741,712,750,759,740,765,730,796,744,764,719,725,760,776,762,743,775,735,778,777,777,727
2,10,773,768,766,788,715,757,709,759,747,765,715,726,777,768,746,766,757,787,764,747,762,725,729,747,777,689,766,735,757,728,758,744,767,763,690,757,752,748,724,795,698,751,786,718,736,738,713,783,745,699,774,772,696,701,719,780,747,732,728,728,729,746,785,683,680,750,697,686,724,774,761,736,779,738,793,766,772,795,742,801,788,712,773,742,824,775,747,764,704,740,741,712,772,774,710,774,767,755,731,727
2,11,749,702,718,729,790,750,744,694,769,728,736,728,735,726,713,784,703,743,748,674,731,749,811,764,769,738,741,757,769,734,786,690,737,758,777,739,729,742,724,717,736,802,695,715,763,756,750,695,728,733,747,726,703,731,785,776,776,736,731,714,794,755,741,753,790,735,809,746,722,776,828,783,698,773,737,752,749,722,735,720,756,765,765,690,792,720,696,779,750,781,764,776,791,671,713,782,727,769,748,733
2,12,781,794,753,753,748,752,745,730,747,770,756,712,773,774,753,685,760,744,723,785,741,752,778,741,734,761,722,727,758,721,742,732,729,725,783,770,761,726,695,756,744,705,745,763,757,718,753,724,782,759,767,782,760,760,760,731,754,741,758,723,752,775,744,761,707,751,750,689,786,735,745,767,738,726,778,756,781,745,741,726,755,819,757,785,789,732,750,753,739,742,759,722,712,748,784,776,761,762,724,732
2,13,757,732,718,761,730,741,745,821,728,741,742,750,749,750,728,722,702,746,761,735,719,707,769,759,734,782,765,766,753,712,761,756,757,753,768,791,735,694,749,764,705,785,755,797,713,725,694,738,798,716,780,713,765,723,704,759,749,771,715,740,755,768,771,763,730,752,734,755,713,725,723,694,734,771,770,753,754,762,764,782,727,762,792,778,726,731,775,745,766,713,716,729,766,705,769,748,746,711,693,746
2,14,756,807,788,746,732,769,718,736,743,761,742,714,704,773,728,794,757,727,727,709,732,735,709,777,717,770,748,729,727,736,765,740,750,804,723,756,714,806,704,736,736,727,706,772,758,746,654,719,727,765,718,786,751,778,748,770,727,790,753,699,735,732,792,751,701,750,713,748,728,703,763,734,764,744,748,743,717,726,752,784,700,730,769,744,740,746,744,727,760,694,700,703,751,694,760,697,698,755,765,772
2,15,739,746,721,776,772,753,769,700,720,767,790,756,751,761,718,698,739,774,738,735,782,730,728,777,727,715,780,711,728,757,816,754,771,766,734,763,667,728,732,721,772,739,758,746,731,787,758,772,770,726,741,765,732,769,756,746,739,732,738,746,714,743,738,751,737,767,715,735,713,740,733,728,709,776,753,800,764,713,813,776,714,776,780,763,699,800,726,803,716,746,728,706,733,711,740,727,754,755,675,730
2,16,799,714,756,778,728,726,767,763,760,762,769,742,783,745,741,720,779,726,709,780,735,744,697,764,724,751,718,773,767,722,773,697,714,757,729,772,776,736,729,725,754,715,740,748,735,770,811,738,734,765,767,773,724,774,734,752,800,716,862,731,763,756,719,761,754,740,740,774,739,790,749,717,762,709,785,721,744,735,747,772,748,699,755,736,730,745,728,776,708,765,745,727,756,748,737,737,776,742,785,764
2,17,727,676,723,685,756,737,764,765,745,793,768,820,746,760,726,723,681,755,779,734,754,738,751,761,766,760,727,792,767,738,753,739,722,783,721,746,772,761,730,792,765,810,724,714,762,737,764,772,754,785,763,735,704,717,750,682,766,718,721,736,726,778,695,761,745,750,703,730,737,797,724,726,745,742,704,722,745,706,805,704,730,787,709,750,712,703,725,715,743,768,715,800,673,733,712,705,779,748,763,737
2,18,760,738,722,800,771,752,738,754,737,785,734,789,780,770,714,749,757,730,749,720,721,790,744,720,753,706,756,790,728,777,754,762,723,708,738,791,760,768,735,772,761,777,777,710,695,750,773,744,789,724,704,785,744,774,785,724,746,716,767,727,763,742,732,730,698,738,757,760,744,741,739,782,756,702,745,705,754,751,755,731,741,744,790,755,739,723,727,661,769,781,710,767,775,788,754,755,800,722,771,709
2,19,756,742,781,787,751,706,756,750,719,743,763,750,724,749,772,781,749,714,741,776,756,732,687,784,747,737,730,727,753,743,783,781,769,747,753,738,786,767,753,735,781,729,761,738,727,744,708,750,663,783,771,706,743,737,729,783,768,766,740,696,744,743,775,742,692,747,757,755,754,710,734,724,726,719,716,714,797,712,693,755,762,724,754,727,770,789,750,734,723,757,770,751,766,783,736,769,744,712,735,732
2,20,740,747,746,696,751,733,707,711,765,732,729,765,750,753,755,731,734,767,782,751,762,780,753,719,738,782,731,722,722,783,722,738,757,770,767,767,745,789,771,769,764,743,772,680,768,783,751,733,745,753,757,737,763,734,741,759,752,745,713,740,753,757,753,787,718,703,760,790,721,773,750,753,736,733,757,697,739,734,732,743,761,732,733,753,762,782,724,772,759,765,744,766,761,719,735,733,734,715,745,749
3,1,714,0,0,0,0,0,0,0,0,0,0,0,0,0,0,0,0,0,0,0,0,0,0,0,0,0,0,0,0,0,0,0,0,0,0,0,0,0,0,0,0,0,0,0,0,0,0,0,0,0,0,0,0,0,0,0,0,0,0,0,0,0,0,0,0,0,0,0,0,0,0,0,0,0,0,0,0,0,0,0,0,0,0,0,0,0,0,0,0,0,0,0,0,0,0,0,0,0,0,0
3,2,691,767,705,796,801,0,0,0,0,0,700,704,758,764,762,0,0,0,0,0,781,744,739,742,0,0,0,0,0,0,753,727,754,694,0,0,0,0,0,0,773,750,0,0,0,0,0,0,0,0,0,0,0,0,0,0,0,0,0,0,0,0,0,0,0,0,0,0,0,0,0,0,0,0,0,0,0,0,0,0,0,0,0,0,0,0,0,0,0,0,0,0,0,0,0,0,0,0,0,0
3,3,765,810,790,752,751,750,718,736,743,0,676,737,740,752,769,719,712,722,799,0,759,771,722,793,731,761,767,695,731,0,773,740,749,771,739,758,787,769,0,0,764,765,741,738,766,772,718,746,0,0,774,801,786,736,683,778,690,0,0,0,758,739,730,737,774,742,754,0,0,0,746,747,812,791,778,0,0,0,0,0,774,728,732,0,0,0,0,0,0,0,0,0,0,0,0,0,0,0,0,0
3,4,790,724,662,761,718,772,757,723,798,759,737,727,725,712,691,730,760,702,719,746,687,734,806,715,723,754,751,747,726,728,800,732,752,744,781,708,797,763,746,745,766,688,773,757,714,747,767,716,763,688,762,741,746,729,775,787,780,725,711,739,784,718,740,759,752,740,724,695,760,635,713,778,771,772,716,732,727,729,628,219,789,757,722,765,746,785,730,648,276,50,728,750,778,745,770,753,566,258,99,23
3,5,788,728,755,759,713,741,727,736,782,728,756,752,735,729,836,736,728,742,684,745,781,727,789,760,753,747,727,748,769,727,757,791,687,732,725,804,772,739,703,760,738,786,780,770,754,731,753,728,723,741,738,760,773,737,710,732,758,717,788,721,684,706,735,782,727,730,761,741,695,716,718,761,762,783,794,733,734,769,790,741,740,763,774,692,717,777,731,752,758,735,756,794,721,713,758,744,743,743,731,766
3,6,747,770,714,781,758,772,764,768,744,714,752,773,756,734,823,747,773,766,701,798,711,706,716,702,696,778,766,723,733,705,756,784,749,780,749,712,722,762,743,796,761,765,722,748,748,733,728,786,748,701,742,784,742,730,687,759,749,704,721,730,696,771,748,688,783,731,784,779,744,712,710,764,780,790,784,732,728,729,786,745,753,726,760,783,754,754,750,752,763,768,729,792,749,749,779,743,730,771,758,705
3,7,725,734,770,759,753,798,737,750,746,746,744,774,801,715,722,713,724,772,731,734,822,740,763,809,747,726,719,701,731,735,757,703,738,758,743,728,725,726,756,735,703,737,779,738,763,783,709,703,745,772,698,715,777,731,762,740,751,759,748,707,681,783,763,746,777,786,730,774,753,764,749,756,716,772,778,752,735,786,770,759,766,775,694,746,772,783,782,714,725,733,723,720,724,717,739,802,750,719,733,740
3,8,744,738,742,752,727,784,722,694,764,756,766,714,816,741,727,785,771,759,775,755,737,701,741,720,752,737,729,721,710,729,787,732,787,725,781,727,769,782,696,757,741,761,821,765,759,742,739,760,734,755,697,764,709,739,769,775,741,793,712,699,735,700,732,780,763,735,782,736,726,782,759,743,757,765,720,768,764,784,704,752,751,804,759,756,738,742,741,747,735,744,765,764,820,771,772,754,700,711,754,731
3,9,774,736,762,731,700,732,785,817,665,766,776,729,790,749,787,777,727,761,772,707,735,783,737,683,726,765,747,765,730,778,759,784,721,682,730,733,732,732,682,765,754,686,717,689,703,760,727,757,699,746,714,749,753,761,749,772,756,781,785,753,752,733,762,726,752,708,780,701,739,729,766,768,739,743,784,748,744,741,791,753,734,698,744,744,715,728,776,714,736,756,758,697,770,758,711,767,741,739,750,708
3,10,766,767,782,758,763,752,741,753,760,778,728,742,724,791,693,702,760,708,738,717,777,740,795,748,747,727,792,760,744,695,694,725,787,716,755,723,744,737,747,771,739,776,772,702,760,765,732,708,745,763,788,788,789,739,707,768,747,725,719,709,728,748,743,755,772,711,744,759,708,699,750,756,739,715,715,787,730,700,738,754,765,762,789,789,753,811,779,729,712,747,716,782,815,764,713,754,726,720,778,762
3,11,755,714,720,710,771,732,781,753,766,749,768,735,772,718,727,779,766,753,703,683,722,701,753,775,710,756,743,741,758,714,725,724,672,722,740,763,732,710,757,715,701,771,702,803,751,736,713,752,778,707,775,729,738,761,733,735,740,778,794,751,700,763,721,720,729,758,766,759,740,765,718,756,721,771,738,798,761,768,768,742,717,716,740,710,697,790,769,766,702,733,730,749,720,764,735,720,727,775,723,742
3,12,750,710,741,735,712,743,752,677,698,692,798,751,695,736,734,693,767,693,761,765,767,737,723,741,750,762,738,734,765,755,738,693,757,732,680,760,745,757,752,673,743,780,722,759,717,738,760,728,739,748,729,751,772,727,757,752,717,738,739,723,729,694,777,755,748,750,788,733,740,792,741,723,802,788,722,721,767,762,771,731,725,745,790,765,789,708,745,750,728,806,740,770,746,686,763,761,776,769,794,751
3,13,735,763,694,774,736,724,750,735,775,705,712,739,787,749,729,775,732,737,742,769,787,739,748,727,768,757,752,811,768,751,741,758,763,767,779,730,797,765,787,705,740,780,718,734,764,764,750,763,735,763,767,782,747,725,752,758,734,698,726,728,720,735,733,735,794,689,751,763,752,774,761,698,731,757,719,771,742,775,756,801,725,742,775,750,735,721,749,740,731,727,694,729,712,751,715,739,764,748,705,762
3,14,714,700,708,710,714,723,713,742,714,771,724,761,718,769,684,736,734,764,773,720,716,723,782,758,730,719,746,764,731,739,734,793,788,749,711,769,702,751,718,783,778,743,746,763,732,784,761,747,783,701,802,770,742,750,747,706,742,723,739,723,785,775,736,760,739,711,760,766,737,725,760,762,744,757,799,779,707,691,754,756,743,704,766,732,747,765,748,715,703,759,792,803,771,775,736,746,727,744,729,732
3,15,752,696,759,712,745,704,779,720,697,768,791,745,779,765,744,731,760,718,744,722,725,785,771,742,747,730,749,735,689,744,754,744,776,730,713,727,785,815,712,768,777,744,729,726,709,705,757,730,768,679,749,752,750,788,742,730,751,744,719,785,730,726,783,734,692,737,737,730,699,742,737,732,769,767,725,791,767,739,750,726,763,716,736,706,774,746,760,727,776,743,759,730,727,738,736,742,719,765,758,711
3,16,728,733,701,710,711,730,738,772,756,759,754,741,774,732,748,740,752,746,754,760,744,755,753,714,740,743,731,736,746,722,728,745,734,791,802,717,698,770,747,742,757,730,737,782,764,757,728,746,758,744,832,771,738,749,712,799,766,738,717,801,712,732,739,763,771,724,763,747,751,740,772,734,748,705,772,727,714,779,744,793,750,769,736,753,747,806,807,746,753,792,763,726,782,744,752,753,757,738,731,738
3,17,803,724,772,780,747,757,790,736,749,782,732,754,741,728,742,734,688,785,759,775,770,726,744,738,741,770,781,755,763,702,765,759,768,772,721,732,743,754,706,729,820,732,699,747,722,748,756,732,743,717,748,741,769,751,780,746,797,756,779,735,757,740,739,748,781,704,734,730,817,738,755,719,763,779,750,765,764,732,808,755,713,755,721,685,734,775,764,718,758,727,688,700,737,769,727,755,746,750,750,759
3,18,729,745,746,777,740,755,737,729,750,695,704,732,749,749,731,755,746,719,747,711,771,750,743,703,725,778,753,760,716,723,757,712,739,790,769,793,740,727,709,778,760,716,723,764,742,733,759,737,724,746,741,756,755,755,774,735,761,742,731,724,765,730,722,734,744,784,738,772,730,726,686,744,727,747,763,832,694,736,776,758,782,718,719,745,767,775,800,725,774,753,768,720,740,754,740,735,756,699,703,747
3,19,764,785,787,722,702,738,775,746,723,772,738,762,746,781,722,800,729,746,766,781,763,810,748,757,768,704,733,719,724,751,718,729,781,752,720,740,719,716,708,692,742,820,721,730,743,721,752,701,754,731,754,756,739,796,808,804,737,782,734,736,783,776,728,731,736,773,760,781,731,729,779,715,760,747,741,729,764,752,762,765,709,723,753,717,728,710,761,730,777,722,727,746,776,756,751,709,713,746,804,733
3,20,777,732,768,783,757,796,734,705,708,746,721,731,720,705,716,744,750,776,721,703,750,731,749,746,795,725,723,748,741,684,741,720,712,745,757,739,758,750,755,738,718,749,733,708,727,711,728,689,775,742,715,741,730,712,778,775,752,706,737,757,746,776,735,755,772,759,759,738,717,765,833,759,724,727,702,788,789,748,703,721,726,739,706,718,707,729,760,768,745,723,722,735,739,706,740,752,734,753,743,734
