Year,Day,Cell1,Cell2,Cell3,Cell4,Cell5,Cell6,Cell7,Cell8,Cell9,Cell10,Cell11,Cell12,Cell13,Cell14,Cell15,Cell16,Cell17,Cell18,Cell19,Cell20,Cell21,Cell22,Cell23,Cell24,Cell25,Cell26,Cell27,Cell28,Cell29,Cell30,Cell31,Cell32,Cell33,Cell34,Cell35,Cell36,Cell37,Cell38,Cell39,Cell40,Cell41,Cell42,Cell43,Cell44,Cell45,Cell46,Cell47,Cell48,Cell49,Cell50,Cell51,Cell52,Cell53,Cell54,Cell55,Cell56,Cell57,Cell58,Cell59,Cell60,Cell61,Cell62,Cell63,Cell64,Cell65,Cell66,Cell67,Cell68,Cell69,Cell70,Cell71,Cell72,Cell73,Cell74,Cell75,Cell76,Cell77,Cell78,Cell79,Cell80,Cell81,Cell82,Cell83,Cell84,Cell85,Cell86,Cell87,Cell88,Cell89,Cell90,Cell91,Cell92,Cell93,Cell94,Cell95,Cell96,Cell97,Cell98,Cell99,Cell1001,1,1000000,0,0,0,0,0,0,0,0,0,0,0,0,0,0,0,0,0,0,0,0,0,0,0,0,0,0,0,0,0,0,0,0,0,0,0,0,0,0,0,0,0,0,0,0,0,0,0,0,0,0,0,0,0,0,0,0,0,0,0,0,0,0,0,0,0,0,0,0,0,0,0,0,0,0,0,0,0,0,0,0,0,0,0,0,0,0,0,0,0,0,0,0,0,0,0,0,0,0,0
1,2,70272,66198,58393,53402,51426,0,0,0,0,0,65859,55615,49068,43481,40679,0,0,0,0,0,58418,49201,42756,36994,0,0,0,0,0,0,53089,43382,37223,32299,0,0,0,0,0,0,51500,40745,0,0,0,0,0,0,0,0,0,0,0,0,0,0,0,0,0,0,0,0,0,0,0,0,0,0,0,0,0,0,0,0,0,0,0,0,0,0,0,0,0,0,0,0,0,0,0,0,0,0,0,0,0,0,0,0,0,0
1,3,39851,32015,27520,24750,21832,15897,11218,7102,3949,0,35711,30048,26899,24577,20912,14334,10210,6330,3006,0,33869,29924,26320,23738,19315,12559,8259,4812,1004,0,32113,29700,25627,22339,17172,10923,6591,3352,0,0,30666,28541,23682,19734,13862,8061,3591,1397,0,0,25299,22336,17707,14333,9522,4746,1456,0,0,0,18387,16226,12683,9297,4522,1555,736,0,0,0,10991,10428,7314,4912,1938,0,0,0,0,0,6038,4738,1524,0,0,0,0,0,0,0,0,0,0,0,0,0,0,0,0,0
1,4,22067,20696,19095,17771,15064,11430,9050,7408,5794,4444,22133,20191,18410,16799,14830,11178,8919,7376,5586,4286,22180,20402,18569,16795,14148,10685,8443,6588,5029,3672,22086,20044,18281,16567,13432,10360,7871,6145,4575,3077,21933,19902,17262,15522,12679,9538,7182,5303,3564,2374,20263,18441,15858,14196,11634,8269,5860,4205,2609,1580,18286,16886,14720,12511,9963,6764,4789,3102,1727,841,16110,15005,12898,11011,8394,5625,3519,2064,968,306,13887,12927,10771,8756,6057,3856,2216,1061,457,94,11349,10201,8255,6563,4417,2419,1056,390,90,39
1,5,25188,23220,21336,19941,18399,14851,12637,10804,9527,8690,22220,20339,19012,17738,16356,13804,11325,9715,8565,7727,20072,18197,17115,16175,14396,11858,9634,8429,7232,6408,18543,17085,15990,15063,12979,10384,8619,7301,6295,5537,16869,15454,14309,12847,11039,8610,7160,6127,5120,4507,14013,13038,11744,10749,9064,7006,5731,4700,3780,3402,12293,11347,10320,9316,8011,6148,4802,4036,3240,2446,11330,10418,9450,8801,7529,5521,4360,3553,2748,2144,10419,9755,8663,8210,7038,5293,4094,3182,2365,1789,10141,9363,8447,7842,6563,4877,3632,2957,2107,1475
1,6,24779,22887,21671,20350,19498,16781,15121,13625,12727,12321,20720,19196,18344,17603,16786,14697,12980,11864,10749,10553,17728,16489,15747,15131,13810,12492,11025,9865,9188,8668,16269,15016,14448,13817,12299,10620,9619,8655,8007,7845,14094,13442,12312,11411,10026,8672,7898,7152,6665,6356,11250,10842,9884,9198,7990,7017,6117,5547,5254,4741,9855,9170,8643,7960,6952,6175,5383,4819,4390,4076,9056,8575,8094,7439,6604,5540,4844,4430,4072,3612,8452,8025,7468,7093,6418,5337,4598,4155,3739,3428,8229,7789,7081,6653,5996,5016,4426,3965,3483,3102
1,7,14267,13537,12865,12529,12175,11259,10668,10152,9668,9476,14076,13390,12924,12254,11930,10683,10285,10058,9498,9282,13952,13281,12474,12038,11477,10275,9902,9427,9295,9331,13801,13078,12362,11574,10816,9793,9425,9183,8970,8769,13299,12917,11871,11162,10233,9288,8824,8570,8422,8487,12498,12213,11047,10408,9212,8664,8087,7866,7780,7700,11889,11466,10547,10007,8906,8368,7690,7329,7234,7136,11103,10629,9888,9482,8812,7689,7261,6944,6636,6782,10928,10620,9825,9348,8876,8054,7415,6824,6705,6773,11677,11113,10401,9890,9347,8535,7731,7309,6956,7128
1,8,12679,12309,11982,11406,11121,10643,10215,10162,9939,10182,12306,11990,11410,11108,10976,10361,10007,9831,9555,9730,11968,11430,11127,10782,10455,9929,9386,9322,9435,9537,11452,11279,10704,10417,10008,9616,9421,9246,9240,9353,11592,11193,10708,10176,9467,9025,8908,8777,9097,9135,11516,10964,10400,9735,9184,8854,8755,8689,8866,8852,11259,10773,10264,9711,9341,8756,8759,8790,8714,8854,10955,10617,10135,9919,9449,8934,8636,8551,8458,8854,11256,10533,10253,9934,9694,9158,8805,8661,8614,8801,11249,11132,10491,10254,9968,9360,9048,8701,9084,9363
1,9,14925,14160,13772,13689,13758,13296,12918,12920,13099,13669,13075,12413,12244,12144,12380,12162,11673,11661,12019,11992,12083,11497,11098,11242,11015,10740,10588,10613,10722,11316,11524,11013,10552,10559,10261,10146,10103,9989,10173,10815,10871,10430,9932,9831,9202,9007,9169,9514,9904,10277,9838,9398,9064,8824,8445,8512,8644,8718,9207,9249,9319,8971,8642,8352,8240,8144,8274,8383,8533,8970,9079,8691,8550,8322,8147,8020,8123,8181,8566,8696,8741,8552,8459,8383,8244,8212,8128,8220,8391,8788,8581,8612,8266,8335,8294,8267,8159,8214,8325,8572
1,10,16084,14144,13156,12364,11734,10762,10191,9568,9604,9662,15072,13290,12350,11664,11160,10213,9898,9472,9319,9238,14062,12600,11625,11002,10328,9485,9219,9271,8996,9004,13748,12600,11448,10977,9789,9177,8864,8811,8785,8897,13379,12207,10933,10199,9431,8463,8530,8466,8602,8481,12581,11617,10451,9704,8777,8275,8271,8055,8211,8299,12211,10970,9948,9519,8880,8231,8006,8022,8079,8134,11667,10690,9983,9125,8864,8368,7999,7817,7844,8169,11803,10684,9843,9489,9282,8552,8180,7962,8025,8138,12261,11024,10190,9770,9289,8954,8404,8488,8231,8340
1,11,16743,15646,15192,14680,14384,13524,12761,12401,12576,13308,14569,13650,13509,12869,12985,12140,11410,11075,11500,11858,13057,12526,12096,11606,11556,10554,10403,10164,10299,10671,12325,11875,11170,10953,10458,9817,9729,9791,9860,10166,11550,11040,10434,9841,9292,8860,8834,8896,9417,9790,10278,9847,9246,8901,8603,8080,8268,8271,8464,9083,9383,9082,8752,8373,8022,7849,7883,7937,8008,8370,9059,8951,8492,8327,8009,7703,7915,7600,7880,8084,8932,8581,8358,8208,8077,7825,7537,7526,7980,8008,8899,8591,8194,8242,8038,7712,7609,7583,7730,7840
1,12,13015,12613,12372,12105,12092,11749,11598,11430,11442,11917,12390,11810,11594,11269,11373,11196,11198,10951,11112,11303,11806,11471,10932,10954,10645,10474,10300,10528,10693,11074,11175,10955,10792,10440,10158,9937,10110,10190,10306,10731,10902,10407,10072,9808,9251,9165,9606,9640,10076,10498,10086,9951,9240,9062,8803,8728,8842,9049,9624,9920,9600,9311,8892,8891,8616,8402,8779,8755,9112,9562,9214,9005,8869,8701,8490,8432,8769,8621,8916,9501,9102,8815,8641,8576,8626,8642,8801,8891,9194,9623,9310,9063,8843,8721,8936,9005,8933,9173,9599,10138
1,13,8977,9112,9143,9716,10137,10957,11815,12088,13589,15601,8747,8819,8898,9096,9750,10723,11109,11647,12885,14937,8352,8515,8762,8800,9230,10113,10688,11060,12603,14679,8646,8268,8388,8418,8726,9806,10669,11244,12412,13986,8093,8024,8039,7998,8484,9063,10133,10891,12419,14216,7749,7806,7885,7914,8108,8930,9974,10854,12529,14130,7917,7631,7674,7572,8093,9115,9889,10786,12028,13949,7475,7463,7509,7772,8269,9154,9744,10554,12004,14067,7538,7530,7635,8193,8403,9602,10095,10658,12266,14466,7540,7766,7878,8043,8704,9778,10576,11434,13129,15751
1,14,11421,10984,11083,11677,12266,13568,14429,15122,16261,17989,10148,10049,10004,10525,11229,12605,13102,13544,14765,15868,9075,8853,9061,9722,9963,10924,11937,12775,13580,14784,8634,8440,8548,8860,9344,10293,11386,12082,12986,14209,7956,7837,8015,8186,8416,9261,10561,11391,12596,13625,7100,7147,7258,7381,7805,8637,9746,10517,11848,12612,6791,6837,6883,7071,7533,8545,9638,10139,11126,12162,6794,6682,6751,6882,7507,8723,9414,9791,10684,11909,6385,6703,6608,6930,7447,8805,9287,9948,10588,11511,6461,6649,6587,6945,7456,8645,9208,9855,10572,11558
1,15,7762,7987,7994,8316,8838,9533,9886,10413,10983,11651,8006,7801,7941,8080,8778,9444,9729,10351,11090,11756,7703,7832,7786,8052,8430,9009,9986,10467,11278,12041,7765,7746,7850,8094,8412,9227,10071,10563,11189,12166,7753,7786,7766,7983,8331,9086,9961,10652,11772,12739,7950,8096,7836,8034,8402,9248,10430,11012,12426,13531,8008,7871,8084,8308,8691,9723,10806,11491,12512,13682,7962,8069,8181,8560,9056,10186,11126,11674,12842,14132,8615,8571,8761,9159,10028,11392,11865,12787,14178,15581,9642,9496,9601,10036,11119,12683,13586,14633,16292,18211
1,16,6234,6414,6641,7002,7620,8936,10113,11068,12637,15394,6168,6291,6521,6661,7473,8760,9768,10786,12201,14827,6198,6154,6296,6645,7447,8477,9813,10718,12596,15167,6108,6127,6356,6582,7243,8497,9967,11052,12969,15402,6192,6291,6393,6619,7261,8562,10124,11398,13930,16328,6485,6629,6651,6956,7650,9001,10540,12128,15176,17758,6655,6649,6737,7283,8227,9572,11620,13044,15273,18381,6669,6795,7037,7436,8269,10176,11900,13317,15769,18975,6973,7020,7568,8017,8905,11199,12467,13991,16416,20750,7241,7528,8031,8505,9642,11911,13542,15287,18570,23252
1,17,8405,7862,7790,8081,8451,8919,9530,9598,10064,10476,8088,7658,7594,7946,8483,9095,9278,9463,9960,10079,8159,7781,7520,7843,8252,8797,9438,9630,10150,10356,8117,7633,7836,8028,8104,8796,9587,10005,10286,10606,8354,7974,7709,7951,8168,9120,9817,10167,10966,11318,8642,8437,8005,8495,8731,9668,10513,11183,12093,12471,8975,8623,8484,8899,9723,10507,11543,11867,12554,13115,9197,8738,8874,9340,10139,11237,12258,12486,12898,13521,9886,9658,9458,10251,11066,12795,12842,13482,13772,14380,10439,9892,10375,10697,12044,13377,14092,14448,14991,15551
1,18,7865,7681,7778,8004,8250,8818,8969,9533,9984,10647,7896,7506,7612,7914,8225,8682,9075,9425,9832,10687,7672,7576,7635,7845,8104,8624,8851,9343,9967,10576,7645,7900,7740,7868,7925,8636,9165,9677,10384,11023,8046,8074,7892,7963,8300,8873,9702,10102,11055,11742,8518,8551,8367,8672,8813,9406,10404,11206,12219,13137,8869,8770,9090,9043,9533,10388,11358,11894,12748,13988,8888,9140,9196,9591,10035,11002,11852,12416,13237,14336,9620,9472,9850,10230,10778,12106,12599,13170,14270,15406,10260,10405,10326,11059,11579,12924,13787,14281,15776,17147
1,19,6042,6085,6159,6385,6569,6783,7340,7336,7677,8114,6228,6359,6205,6340,6591,6889,7345,7709,7864,8295,6274,6358,6385,6486,6744,7059,7636,7642,8262,9006,6596,6627,6541,6682,6752,7231,7762,8203,8710,9502,7021,7335,7234,7209,7317,7866,8487,9077,9673,10376,8202,8398,8094,8235,8479,9205,10075,10696,12092,12573,9301,8914,8836,9397,9738,10717,11885,12250,12962,14336,9940,9749,9925,10376,10988,12165,12984,13437,14181,15986,11437,11398,11650,12038,13231,14814,15013,15605,17021,18886,13547,13169,13529,13938,15496,17066,18034,18972,21092,23580
1,20,8391,7533,7107,7018,6771,6738,6729,6805,6756,6697,8220,7656,7278,7131,7010,6743,6700,6817,6792,6787,8295,7603,7349,7080,6930,6871,6918,7044,7209,7220,8917,8166,7706,7678,7247,7267,7487,7473,7678,7872,9865,9168,8569,8308,7781,7954,8117,8218,8843,8703,11260,10574,9721,9441,9154,9289,9683,9928,10510,10783,12113,11262,10955,11010,10714,10848,11189,11391,11596,12022,12778,12102,11642,11780,11951,11804,12342,12141,12140,12660,14446,13453,12994,13121,13617,14064,13617,13488,13691,13968,16207,15086,14398,14637,15194,15256,15040,15071,15202,15452
2,1,1000000,0,0,0,0,0,0,0,0,0,0,0,0,0,0,0,0,0,0,0,0,0,0,0,0,0,0,0,0,0,0,0,0,0,0,0,0,0,0,0,0,0,0,0,0,0,0,0,0,0,0,0,0,0,0,0,0,0,0,0,0,0,0,0,0,0,0,0,0,0,0,0,0,0,0,0,0,0,0,0,0,0,0,0,0,0,0,0,0,0,0,0,0,0,0,0,0,0,0,0
2,2,84898,46538,45708,44488,45209,0,0,0,0,0,77845,47170,40100,36868,36164,0,0,0,0,0,70483,49521,40044,35047,0,0,0,0,0,0,65061,48577,38908,33382,0,0,0,0,0,0,64884,49105,0,0,0,0,0,0,0,0,0,0,0,0,0,0,0,0,0,0,0,0,0,0,0,0,0,0,0,0,0,0,0,0,0,0,0,0,0,0,0,0,0,0,0,0,0,0,0,0,0,0,0,0,0,0,0,0,0,0
2,3,41353,37229,33977,31371,28998,21719,15703,9507,5347,0,32956,31495,31026,29557,27514,19281,14456,9021,4006,0,28028,27722,27243,25570,22445,15831,11464,6576,1447,0,25069,25226,24054,22622,18875,13396,8353,4447,0,0,22557,22176,19753,17667,13572,8860,4287,1776,0,0,17076,15322,13356,11762,8228,4787,1605,0,0,0,12901,11526,9007,7403,3877,1575,769,0,0,0,8501,7651,5517,3920,1643,0,0,0,0,0,4923,3801,1318,0,0,0,0,0,0,0,0,0,0,0,0,0,0,0,0,0
2,4,28616,26582,25250,23222,21208,16650,13572,11331,9014,6962,26406,24529,22916,21226,19349,15180,12413,10535,8520,6646,24175,22608,21154,19559,17050,13335,10823,8915,7022,5258,22647,20673,19413,18185,15190,11981,9462,7828,5902,4492,19801,18526,16375,14718,12434,9731,7583,6069,4272,3117,14610,13684,12387,11139,9255,7138,5443,4179,2798,1737,11630,10861,9711,8561,7063,5138,3640,2762,1605,808,9224,8994,7821,6833,5313,3821,2537,1621,853,284,7566,7030,6170,5258,3679,2445,1520,835,372,86,5949,5486,4537,3921,2538,1501,778,324,84,46
2,5,29226,26917,25528,24257,22207,19153,16312,14630,13061,12131,24201,22356,21436,20367,19285,16490,14120,12679,11171,10658,20673,18888,18148,17361,15906,13476,11540,10339,9071,8454,18261,16580,15887,15315,13628,11652,9858,8481,7673,7242,15136,14344,12921,12137,10802,8878,7464,6614,6091,5289,11235,10543,9474,9084,7894,6387,5214,4597,4040,3583,9051,8464,7714,7103,6081,4756,3969,3487,3025,2552,7829,7488,6739,6047,5352,4233,3454,2952,2577,2006,6936,6636,5842,5303,4409,3575,2990,2440,1979,1441,6304,5949,5354,4946,3974,3262,2597,2102,1559,1178
2,6,26553,25042,23528,22834,22357,19940,17897,16932,15961,15994,21795,20280,19589,19118,18778,16823,15222,14083,13275,13263,18252,16639,16274,16074,14989,13356,12427,11546,10870,10806,15763,14999,14152,13889,12817,11386,10537,9686,9158,8918,13228,12781,11466,10856,9889,8699,8111,7713,7586,7165,9707,9274,8623,8030,7230,6311,5790,5177,5190,4986,7859,7400,7032,6453,5843,5045,4694,4333,4257,3841,6970,6648,6053,5662,5127,4491,4025,3701,3451,3215,6065,5840,5402,5025,4602,4024,3682,3281,2990,2858,5725,5448,5007,4732,4269,3763,3258,2916,2839,2560
2,7,15019,14487,14008,13930,13534,12728,11952,11506,11327,11194,14993,14264,13524,13281,12806,12330,11678,11255,11006,10870,14532,13832,13208,12704,12278,11483,11108,10789,10670,10820,14291,13806,12856,12292,11621,10951,10822,10254,10447,10520,13302,12840,12099,11428,10474,9688,9475,9362,9504,9729,12136,11560,10585,10092,9083,8644,8296,8377,8540,8524,10515,10185,9519,8945,7940,7578,7377,7154,7337,7179,9527,9100,8514,8079,7536,6930,6515,6422,6380,6413,8841,8694,7864,7548,7103,6457,6146,5926,6000,6074,8923,8459,8149,7743,7229,6699,6238,5931,5969,6148
2,8,10647,10736,10969,11110,11479,12184,12534,12947,13850,15543,10315,10235,10349,10740,11265,11761,11946,12367,13302,14982,9936,10039,10195,10224,10555,10853,11612,11692,12595,14179,9605,9604,9497,9763,9850,10589,11020,11293,12107,13710,9443,9161,9183,9047,9095,9571,9992,10802,11629,13145,8855,8702,8560,8465,8607,9021,9517,9825,11117,12265,8384,8217,8090,8069,8088,8498,9273,9322,10335,11519,8039,8005,7798,7777,7984,8188,8730,8988,9770,10777,7643,7547,7778,7717,7824,8400,8651,8808,9658,10543,7665,7491,7681,7633,7958,8301,8644,8906,9902,11218
2,9,8045,8116,8340,8944,9627,11335,12394,13117,15184,18324,7804,7711,8153,8615,9500,10870,11414,12616,14030,17280,7519,7565,7890,8240,8740,10204,11322,12331,14083,16452,7370,7368,7497,7904,8382,9721,11294,12124,13859,16463,7089,7325,7281,7610,7854,9061,10765,11804,14015,16559,6905,6864,6946,7275,7712,8836,10307,11310,13730,16129,6633,6804,6893,7077,7631,8790,10414,11096,12912,15438,6754,6554,6823,7030,7787,8712,9990,11000,12734,15123,6491,6677,6885,7084,7748,9247,10163,11111,12985,15591,6523,6687,7006,7265,7823,9277,10492,11337,13763,16526
2,10,6174,6292,6609,7179,8201,10147,11789,13140,15853,19623,6098,6247,6528,7027,7907,9793,11169,12483,15033,18626,5853,5982,6386,6693,7531,9559,11157,12648,15014,18324,5972,6017,6127,6525,7397,9323,11269,12632,14964,18392,5655,5879,6068,6483,7160,8822,10820,12514,15512,19114,5555,5709,5965,6243,7068,8571,10712,12599,15701,19374,5670,5736,5976,6154,7046,8947,11145,12576,15371,18926,5557,5518,5826,6191,7351,9058,11028,12503,15022,18943,5496,5876,5969,6526,7649,9695,11316,12646,15544,19686,5676,5932,6235,6721,7832,9921,11882,13691,16719,21237
2,11,4867,5167,5624,6070,7019,9434,11438,13034,15943,20283,4869,5088,5573,6071,7023,9255,10686,12378,15438,19346,4895,4880,5336,5729,6678,8710,10749,12445,15408,19457,4760,4704,5221,5579,6657,8579,11162,12909,15839,20158,4638,4866,5158,5476,6425,8474,11115,13002,16990,21151,4638,4833,5047,5445,6549,8566,11186,13383,17291,21727,4671,4948,5215,5837,6775,8915,11810,13435,16920,21339,4683,5030,5265,5903,6823,9329,11742,13622,16978,22046,4840,5144,5482,6028,7237,9967,11955,14149,17704,22998,4961,5239,5651,6134,7453,10455,13058,15163,19244,25431
2,12,5133,5454,6005,6712,7717,9689,11308,12462,14055,15617,5212,5365,5845,6374,7800,9914,11148,12110,13625,15409,5025,5219,5833,6329,7242,9390,11280,12038,13727,15676,5128,5205,5651,6229,7226,9272,11221,12289,14065,15853,5009,5092,5476,6193,7063,9242,11316,12701,15166,16760,5110,5375,5728,6368,7447,9331,12001,13378,15765,17890,5105,5453,5810,6539,7866,10202,12510,14131,15943,18356,5330,5522,6050,6885,8075,10746,13022,14559,16499,18572,5498,5728,6375,7141,8858,12161,13574,14834,17127,19723,5861,6075,6734,7551,9190,12486,14707,16015,18501,21423
2,13,7392,7696,8152,8899,10384,12422,13832,15075,16914,18986,6513,6905,7481,8106,9506,11670,12665,13453,15256,17396,6257,6337,6755,7411,8601,10521,12223,13314,14544,16405,5754,5992,6562,7315,8308,10107,12066,13049,14613,16549,5657,5888,6272,6925,7897,9540,11484,12662,14837,16517,5084,5622,5965,6566,7623,9492,11125,12613,14646,16178,5129,5413,5869,6473,7441,9528,11277,12436,14061,15379,5278,5464,5890,6695,7557,9558,11227,12556,14033,15456,5233,5556,6302,6799,7841,10026,11137,12088,13652,15418,5197,5674,6143,6829,8000,9958,11441,12403,14010,15594
2,14,5815,6239,6487,6941,7644,8806,9861,10331,11146,12104,5700,5963,6456,6902,7483,9059,9616,10176,11142,12407,5671,5996,6255,6631,7558,8779,9794,10574,11637,12773,5738,5920,6234,6787,7290,8820,10134,10924,12008,13257,5768,6008,6179,6743,7568,8830,10413,11286,12893,13991,6017,6327,6617,7148,7843,9646,11095,12309,13858,15373,6359,6545,7010,7566,8659,10122,12184,13076,14724,16638,6535,6615,7248,7999,9222,11089,12851,13799,15390,17219,7409,7607,7999,8942,10620,12626,13988,15326,17125,19188,8224,8566,9245,9992,11936,14352,16174,17673,20085,23103
2,15,4846,5166,5347,5588,6116,6981,7589,8001,8445,9257,4872,5189,5329,5593,5975,7148,7535,7757,8380,9367,5090,5276,5477,5767,6302,7150,7937,8351,9286,9949,5227,5380,5582,5875,6480,7264,8148,8887,9741,10509,5800,5868,5942,6387,6797,7860,9097,9756,10898,12059,6463,6613,6915,7413,8110,9350,10782,11656,13660,14639,7292,7583,7883,8392,9389,11000,12677,13563,14928,16572,7996,8115,8615,9283,10658,12250,14058,14988,16259,18438,9003,9406,10115,11032,12760,15323,16448,17754,19421,22129,10942,11226,11803,12931,14883,18084,19484,21616,24015,27462
2,16,7134,6666,6438,6497,6663,6881,6928,7101,7153,7308,6829,6652,6398,6526,6721,6874,7157,7298,7533,7472,7214,6644,6612,6796,6833,7113,7398,7492,7877,7879,7342,7121,6855,7018,7084,7553,7922,8046,8474,8315,8268,7904,7563,7829,7861,8123,8635,8988,9560,9671,9431,9112,8979,8861,9209,9795,10402,10936,11609,11987,10291,9895,9997,10489,10784,11482,12319,12641,12752,13583,11262,10608,10793,11370,12072,12647,13211,13609,13757,14054,12540,11889,12227,12899,13742,14977,14525,14830,15308,15559,13885,13279,13626,14096,14928,16260,16369,16550,17042,17313
2,17,8939,8607,8497,8744,8746,9117,9382,9791,10199,10891,8475,8229,8018,8121,8454,8944,8911,9296,10042,10410,8164,8086,8126,8100,8287,8590,9025,9437,10166,10593,8506,8429,8145,8236,8388,9004,9563,9745,10632,11067,8777,8682,8385,8675,8709,9006,9779,10340,11429,11814,8995,9142,9099,8902,9038,9777,10399,11130,12089,12786,9403,9226,9113,9398,9728,10165,11018,11604,12428,12908,9526,9373,9634,9719,10090,10707,11507,11898,12744,13500,9784,9622,9941,10005,10590,11475,11768,12348,12883,13648,9858,9831,10122,10407,10885,11763,12397,12638,13248,14043
2,18,6574,6874,6977,7035,7687,8776,9580,10368,11860,14260,6483,6709,6738,7233,7555,8681,9644,10134,11747,13942,6736,6662,6634,6975,7357,8399,9522,10150,11903,13994,6742,6588,6896,7001,7316,8682,9604,10653,12240,14380,6657,6864,6903,7084,7538,8722,10108,11142,13143,15443,7021,7161,7395,7505,8102,9140,10485,11923,14224,16542,7210,7308,7593,7801,8402,9960,11371,12491,14563,17313,7459,7351,7677,8042,8893,10503,11460,12820,14855,18187,7734,7894,8182,8543,9462,11312,12461,13737,16008,19387,8098,8216,8773,9069,10046,11951,13521,15216,17462,21276
2,19,5298,5533,5494,5958,6235,7270,7838,8087,8687,9267,5323,5611,5593,5924,6358,7244,7760,8168,9031,9530,5655,5747,5760,6080,6337,7356,8078,8520,9393,10377,5829,5802,6005,6076,6533,7420,8439,9038,10198,10972,6233,6215,6315,6590,6893,7944,9110,9831,11309,12256,6916,7041,7282,7392,7855,9179,10596,11534,13335,14591,7962,7819,7923,8631,9339,10692,12432,13296,14386,16298,8195,8219,8603,9321,10262,12292,13634,14389,15980,17889,9300,9606,10059,10874,12359,14478,15704,16567,18704,21170,11241,11143,12007,12682,14174,16768,18414,20200,22781,25966
2,20,7513,7099,6703,6937,6942,7025,7008,7203,7297,7587,7345,6983,6876,6966,7066,7199,7247,7460,7577,7702,7456,7162,6948,6933,7076,7206,7484,7608,7890,8145,8002,7468,7211,7350,7322,7545,8068,8348,8533,8723,8483,8100,7804,7776,7995,8254,8615,9049,9559,9586,9620,9333,9023,9058,8994,9519,10160,10795,11688,11905,10512,10084,10082,10364,10631,11169,11902,12215,12472,13122,11414,10790,10673,11343,11858,12517,13013,12888,13035,13726,12876,12216,12038,12453,13269,14370,14177,14316,14846,15157,13854,13306,12965,13806,14621,15612,15665,16004,16352,16758
3,1,1000000,0,0,0,0,0,0,0,0,0,0,0,0,0,0,0,0,0,0,0,0,0,0,0,0,0,0,0,0,0,0,0,0,0,0,0,0,0,0,0,0,0,0,0,0,0,0,0,0,0,0,0,0,0,0,0,0,0,0,0,0,0,0,0,0,0,0,0,0,0,0,0,0,0,0,0,0,0,0,0,0,0,0,0,0,0,0,0,0,0,0,0,0,0,0,0,0,0,0,0
3,2,70719,65620,58590,53147,51524,0,0,0,0,0,66160,55458,48838,43349,40976,0,0,0,0,0,58926,48835,42242,37437,0,0,0,0,0,0,52822,43583,37231,32206,0,0,0,0,0,0,51190,41147,0,0,0,0,0,0,0,0,0,0,0,0,0,0,0,0,0,0,0,0,0,0,0,0,0,0,0,0,0,0,0,0,0,0,0,0,0,0,0,0,0,0,0,0,0,0,0,0,0,0,0,0,0,0,0,0,0,0
3,3,39866,35761,33744,32518,30983,25459,18444,11251,5871,0,31942,30268,29955,29416,28287,22404,16257,10434,4788,0,27605,26958,26532,25393,23437,17593,12682,7522,1630,0,24930,24491,23597,22260,20158,14517,8972,4788,0,0,21700,21391,19194,17363,13643,9201,4571,1997,0,0,15753,14145,12516,10763,7941,4710,1641,0,0,0,11070,9914,8204,6571,3639,1482,754,0,0,0,6963,6517,4704,3310,1519,0,0,0,0,0,4056,2976,1079,0,0,0,0,0,0,0,0,0,0,0,0,0,0,0,0,0
3,4,37254,34506,32655,30654,28162,22376,18196,15247,12197,10078,30249,28281,26555,25273,23045,18557,15224,12747,10458,8289,25220,23249,21789,20677,18167,14523,11670,9972,7939,6133,21283,19575,18552,17609,14663,11745,9425,7836,6453,4869,16793,15492,13822,12633,10859,8501,6774,5492,4086,2897,10569,9831,8924,8236,6879,5331,4156,3228,2271,1406,7510,7187,6332,5590,4766,3561,2756,1931,1233,630,5766,5539,4831,4353,3610,2578,1754,1131,580,220,4424,4357,3885,3288,2455,1627,1103,629,273,58,3744,3517,2901,2675,1726,1026,579,239,75,29
3,5,19533,19370,19721,19893,19938,19408,18207,17159,16002,15939,17643,17894,17777,17822,18378,17767,16525,15236,14463,14507,16043,16112,16161,16137,15858,15224,14323,13369,12392,12370,15168,14668,14528,14360,13745,13271,12466,11780,10887,10953,13288,13159,12462,12188,11159,10440,9749,9267,8992,8656,10060,9755,9363,8612,8035,7992,7087,6512,6235,5878,7914,7831,7294,6884,6244,5815,5310,4761,4461,4107,6596,6318,6008,5583,5082,4588,4232,3673,3387,2945,5279,5249,4775,4448,4124,3652,3245,2733,2391,1937,4391,4219,4092,3830,3659,3070,2604,2248,1735,1400
3,6,21666,20780,20534,20565,20461,20152,19480,19235,19301,20110,18597,17326,17340,17505,17638,17402,16544,16149,16226,16763,15390,14850,14549,14549,14426,13981,13644,13414,13480,13815,13716,12696,12691,12828,12409,11905,11843,11562,11543,11891,11105,11034,10450,10010,9669,9279,9321,9286,9325,9523,8360,7919,7590,7480,6957,6924,6723,6654,6707,6656,6678,6683,6236,6090,5693,5492,5179,5317,5247,5061,6062,5792,5401,5192,5023,4646,4551,4433,4522,4234,5235,5138,4866,4608,4332,3959,3916,3798,3646,3623,4822,4727,4493,4270,3855,3695,3506,3410,3310,3331
3,7,16237,15603,15650,15511,15663,15780,15623,15423,15644,16721,15037,14633,14244,14271,14754,14610,14358,14399,14740,15184,13713,13198,13087,13048,12914,13225,12959,13140,13273,13759,12961,12496,11946,12087,11697,11700,12189,12126,12362,12714,11456,11352,10505,10453,9856,9897,10315,10320,11139,11367,9315,9222,8575,8441,8059,7931,8130,8239,8907,9074,7796,7630,7495,7067,6734,6717,6964,7060,7398,7504,7017,6861,6558,6428,6054,6115,6215,6255,6414,6725,6268,6070,5957,5710,5561,5435,5497,5550,5742,5909,5949,5816,5575,5262,5194,5185,5147,5071,5267,5596
3,8,18075,16134,14869,14584,13666,12700,12012,11805,11632,11486,17115,15073,13813,13573,13016,12138,11372,11337,10861,11105,15786,13949,12987,12655,12112,11087,10641,10413,10196,10331,15008,13265,12385,11928,10975,10330,10194,9859,9757,9865,13771,12794,11545,10744,9881,9297,9258,8968,9094,9241,12376,11057,10009,9393,8634,8127,7893,8041,8130,8177,10840,9889,9033,8506,7920,7393,7279,7165,7466,7462,9869,8892,8218,7937,7476,7036,6724,6755,6795,6719,9389,8766,7748,7479,7147,6572,6485,6491,6608,6505,9411,8410,7725,7237,6818,6498,6217,6085,6154,6362
3,9,11084,11344,11381,11654,11915,12500,12567,12725,13757,15432,10751,10928,10841,11066,11372,11803,11779,11915,12895,14761,10187,10193,10513,10356,10424,10923,11178,11346,12536,13934,9856,9967,9934,9892,9903,10372,10859,10903,11897,13613,9653,9550,9391,9153,9180,9362,9780,10437,11560,12986,8685,8710,8656,8435,8357,8719,9384,9862,10835,12097,8467,8300,7965,7964,8000,8222,8869,9312,10116,11311,8002,7786,7893,7672,7796,8172,8445,8814,9606,10963,7542,7755,7676,7705,7929,8303,8533,8901,9670,11114,7446,7696,7468,7765,7821,8102,8519,8981,9981,11370
3,10,8252,8411,8644,8851,9743,11340,12398,13289,14991,17980,7998,8017,8462,8792,9265,10957,11738,12403,14226,17165,7816,7690,8011,8122,8725,10222,11338,12164,13901,16442,7547,7519,7588,7974,8717,9761,11047,11996,13954,16246,7211,7366,7389,7477,7999,9109,10574,11927,14194,16199,6842,7048,7134,7319,7710,8861,10254,11296,13534,15539,6763,6907,7008,7213,7674,8762,10120,10943,12715,15076,6471,6636,6880,7145,7524,8904,9968,10841,12698,15023,6632,6637,6865,7128,7723,9056,9934,10902,12832,15483,6566,6915,6898,7284,7857,9236,10568,11456,13479,16594
3,11,10669,9710,9716,9897,10057,10704,10912,11001,11453,11593,10066,9569,9335,9431,9746,10439,10583,10927,11119,11387,9814,9131,9082,9158,9385,9984,10331,10544,10996,11092,9677,8866,8691,8830,9031,9733,10379,10406,10863,11188,9487,9134,8604,8702,8881,9243,9886,10373,10884,11342,9387,8918,8423,8591,8673,9399,9872,10417,11108,11408,9203,8684,8412,8604,8674,9570,10457,10725,11055,11266,9146,8517,8467,8735,9078,10059,10622,10674,11092,11515,9369,9104,8781,9229,9720,10792,10742,10961,11458,11676,9897,9289,9043,9239,9941,11006,11339,11442,11936,12254
3,12,12338,11853,11817,12200,12451,12978,13204,13763,14476,15477,11064,10761,10729,10797,11508,11968,12140,12405,12956,13999,9840,9573,9750,9956,10341,10531,11087,11335,12182,12838,9608,9175,9310,9367,9462,10065,10668,11156,11550,12635,8987,8936,8631,8818,8936,9345,10034,10678,11393,12259,8295,8085,8015,8056,8259,8835,9489,10165,10880,11754,7800,7786,7795,7991,8204,8711,9358,9702,10276,10997,7528,7594,7642,7855,7999,8777,8974,9598,10152,10922,7588,7708,7657,7911,8273,8749,8941,9465,10179,10872,7514,7506,7665,7856,8362,8737,9268,9776,10235,10914
3,13,8097,8376,8586,9081,9882,11286,12282,13226,15159,18079,8025,8065,8328,8523,9459,10956,11811,12598,14263,16949,7605,7643,7842,8041,8707,10053,11261,12298,13979,16637,7492,7431,7776,7813,8271,9833,11026,11937,13999,16339,7129,7221,7328,7565,7880,9234,10629,11656,14090,16120,6823,6867,6836,6996,7626,8846,10200,11220,13768,15753,6576,6765,6692,6936,7472,8755,10071,11164,13113,15130,6406,6498,6561,6859,7474,8869,9949,11109,12841,15233,6484,6668,6764,7068,7572,9224,10296,11217,13065,15799,6411,6583,7015,7191,7988,9489,10826,11914,14120,17032
3,14,10506,10371,10639,10951,12324,13897,15141,16012,17808,19881,9115,9166,9470,10043,11136,12781,13760,14545,15840,17462,8269,8202,8504,9125,9870,11355,12526,13327,14440,16161,7875,7627,7924,8259,9160,10476,12195,12811,13967,15858,7049,7351,7057,7521,8172,9371,10668,11856,13782,14689,6375,6361,6629,6859,7336,8601,9983,10855,12664,13816,6039,6241,6209,6659,7102,8405,9664,10509,11792,13117,5676,5850,6105,6688,7035,8334,9620,10137,11356,12651,5594,5765,6025,6443,7155,8614,9312,9878,11067,12274,5548,5874,6130,6381,7274,8411,9614,10123,11191,12364
3,15,9094,9092,9427,9915,10954,12015,13023,13590,14642,16085,8463,8652,9001,9562,10463,11630,12330,12942,13971,15263,8089,8351,8465,9122,9522,10646,11862,12670,13518,15089,7977,7896,8206,8462,9185,10326,11601,12241,13548,14461,7411,7655,7698,7941,8360,9707,10889,11871,13344,14341,7034,7036,7105,7570,7837,9162,10375,11263,12636,13655,6661,6824,6948,7319,7814,9140,10245,10839,12288,13230,6425,6577,6797,7141,7712,9020,10036,10837,11972,13100,6417,6518,6755,7136,7778,9355,10242,10843,12055,13320,6604,6777,6822,7442,8252,9691,10620,11434,12651,14122
3,16,8585,8651,8896,9273,10018,11140,11749,12429,13363,14194,8384,8455,8497,9070,9725,10752,11511,11809,12961,13881,8021,8119,8340,8560,9056,10181,11120,11646,12378,13751,7702,7831,8070,8292,8896,9849,10816,11640,12501,13539,7659,7651,7729,7893,8412,9532,10793,11424,12984,13711,7286,7471,7498,7717,8293,9447,10517,11282,12909,13762,7284,7280,7440,7655,8325,9526,10609,11595,12527,13600,7064,6982,7554,7742,8369,9594,10705,11364,12540,13577,7276,7221,7597,8002,8781,10203,10925,11761,12637,14158,7459,7507,7650,8286,9030,10311,11393,12255,13709,14886
3,17,6560,6761,7003,7532,8449,9928,11113,12649,14661,17612,6486,6595,6749,7259,8031,9707,10890,11741,14180,16918,6356,6273,6640,6847,7708,9319,10703,11766,13886,16798,6189,6377,6504,6948,7579,9076,10843,12007,14297,16995,6277,6379,6373,6781,7344,8798,10564,11816,14765,17619,6090,6177,6308,6650,7345,8939,10914,12274,14987,17812,6075,6254,6407,6731,7620,9192,11194,12638,14797,17862,5969,6066,6385,6904,7578,9383,11083,12446,15063,18287,6191,6274,6564,7094,8054,10007,11445,12996,15517,19451,6217,6440,6946,7420,8525,10543,12275,14216,16979,20765
3,18,6674,6603,7103,7620,8525,9892,11020,11857,12986,14540,6441,6818,6893,7546,8203,9969,10736,11463,12647,14316,6301,6413,6715,7194,8083,9527,10744,11526,12704,14233,6298,6272,6718,7212,7805,9170,10995,11998,12817,14558,6384,6485,6595,7001,7731,9205,10609,11860,13730,14965,6214,6413,6693,6933,7927,9411,11157,12297,14559,15920,6440,6592,6887,7491,8131,9983,11993,12752,14447,16184,6355,6570,6859,7606,8546,10391,12267,13028,14673,16418,6773,7044,7239,8029,9288,11616,12647,13649,15182,17577,6979,7241,7680,8154,9613,12064,13509,14791,16749,19339
3,19,5292,5559,5851,6367,7272,9031,10562,11845,14237,17545,5296,5449,5631,6266,7203,8807,10304,11554,13614,16964,5150,5410,5560,5995,6765,8634,10276,11439,13864,16953,5196,5397,5548,5869,6768,8702,10450,12009,14433,17545,5272,5420,5603,5940,6837,8595,10764,12391,15441,18447,5353,5636,5721,6120,7034,8966,11235,12960,16440,19928,5428,5370,6016,6548,7481,9501,11800,13662,16406,20233,5474,5687,6034,6674,7705,9741,11999,13953,16836,21138,5819,5909,6310,6896,8220,10734,12654,14358,17822,22415,5994,6116,6606,7235,8730,11295,13760,15994,19737,24995
3,20,4520,4678,4956,5549,5934,7541,8508,9064,9958,10684,4649,4708,5139,5367,6185,7628,8436,9020,10097,11098,4654,4721,5176,5531,6364,7528,8621,9437,10583,11733,4815,4814,5056,5559,6372,7863,9227,10253,11352,12660,5019,5208,5340,5736,6741,8027,9779,10977,12540,14087,5688,5635,6086,6502,7465,9392,11171,12572,15011,16759,6094,6321,6708,7418,8581,10703,12965,14145,16250,18342,6453,6790,7276,8109,9467,11938,14291,15741,17535,20227,7496,7636,8330,9433,11386,14518,16147,17645,20364,23342,8668,8796,9644,10996,12871,16847,19313,21544,24659,29238
